1,0,0,0,800,480     //main rect
2,1,0,255,75,70	    //upleft
2,2,75,255,70,70  	//up
2,3,145,255,140,70	//upright
2,4,0,325,110,85  	//left
2,5,110,325,180,85	//right
2,6,0,410,75,70   	//downleft
2,7,75,410,70,70	//down
2,8,145,410,140,70	//downright
3,0,335,355,120,120	//Y
3,1,470,355,120,120	//A
3,2,685,255,120,120 //B
3,3,605,355,120,120 //X
3,4,0,125,120,120	//select
3,5,685,125,120,120	//start
3,6,0,0,117,58  	//l1
3,7,680,0,117,58    //r1
3,8,0,60,117,58	    //l2
3,9,680,60,117,58	//r2
//3,10,0,0,1,1	//X+A
//3,11,0,0,1,1  //X+B
//3,12,0,0,1,1 	//Y+A
//3,13,0,0,1,1 	//Y+B
4,0,20,275,185,185  //stick img
5,2,690,260,115,115 //B img
5,0,340,360,115,115  //Y img
5,1,475,360,115,115 //A img
5,3,610,360,115,115 //X img
5,4,0,130,115,115   //select img
5,5,690,130,115,115 //start img
5,6,0,0,117,58      //L1 img
5,7,680,0,117,58    //R1 img
5,8,0,60,117,58     //l2 img
5,9,680,60,117,58   //r2 img
//6,0,0,0,1,1     //switch
8,0,10,270,200,200  //stick analog area
7,150
